4 <
6 ?
2 php
7 1
5 $
2 txt
4 =
3 "Hello"
5 ;
7 2
5 $
2 txt
4 .=
3 "World!"
5 ;
7 3
5 $
2 x
4 =
3 10
5 ;
5 $
2 x
4 +=
3 1
5 ;
7 4
5 $
2 y
4 =
3 5
5 ;
7 5
7 6
7 7
7 8
7 9
7 10
1 int
2 a
4 ,
2 b
4 ,
2 c
5 ;
7 11
1 double
2 CoolVar
5 ;
7 12
1 bool
2 a
5 ;
7 13
7 14
1 if
5 (
5 (
5 $
2 year
4 %
3 100
4 !=
3 0
5 )
4 &&
3 true
5 )
5 {
7 15
5 $
2 year
4 ++
5 ;
7 16
5 }
7 17
1 else
5 {
7 18
4 ++
5 $
2 year
5 ;
7 19
5 }
7 20
7 21
1 switch
5 (
5 $
2 today
5 )
5 {
7 22
1 case
3 "Sat"
5 :
7 23
5 $
2 x
4 =
5 $
2 x
4 <=>
5 $
2 y
5 ;
7 24
1 break
5 ;
7 25
1 default
5 :
7 26
1 break
5 ;
7 27
5 }
7 28
7 29
7 30
1 while
5 (
5 $
2 x
4 -
3 6
4 ===
5 $
2 y
4 ||
5 $
2 y
4 <=
5 $
2 x
5 )
5 {
7 31
4 --
5 $
2 x
5 ;
7 32
5 }
7 33
7 34
7 35
1 do
5 {
7 36
5 $
2 i
4 ++
5 ;
7 37
7 38
5 }
7 39
1 while
5 (
5 $
2 i
4 <=
3 3
5 )
5 ;
7 40
7 41
7 42
1 for
5 (
5 $
2 i
4 =
3 1
5 ;
5 $
2 i
4 <=
3 3
5 ;
5 $
2 i
4 ++
5 )
5 {
7 43
1 if
5 (
5 $
2 s
4 !=
3 7
5 )
7 44
1 continue
5 ;
7 45
1 else
7 46
5 ;
7 47
1 endif
5 ;
7 48
5 $
2 s
4 =
5 $
2 p
4 **
4 !=
5 $
2 i
5 ;
7 49
7 50
5 }
7 51
7 52
7 53
1 while
5 (
5 $
2 i
4 <=
3 10
5 )
7 54
1 echo
5 $
2 i
5 ;
7 55
5 $
2 i
4 ++
5 ;
7 56
1 if
5 (
5 $
2 i
4 ==
3 9
5 )
5 {
7 57
1 break
5 ;
7 58
5 }
1 else
5 {
7 59
5 ;
7 60
5 }
7 61
1 endwhile
5 ;
7 62
7 63
7 64
1 switch
5 (
5 $
2 i
5 )
7 65
1 case
3 0
5 :
7 66
7 67
1 break
5 ;
7 68
1 case
3 1
5 :
7 69
7 70
1 break
5 ;
7 71
1 default
5 :
7 72
1 echo
3 "i не равно to 0, 1 или 2"
5 ;
7 73
1 endswitch
5 ;
7 74
7 75
7 76
7 77
1 function
2 getSum
5 (
5 $
2 num1
4 ,
5 $
2 num2
5 )
5 {
7 78
5 $
2 sum
4 =
5 $
2 num1
4 +
5 $
2 num2
5 ;
7 79
7 80
1 return
5 $
2 sum
5 ;
7 81
5 }
7 82
7 83
7 84
5 $
2 s
4 =
2 getSum
5 (
3 10
4 ,
3 20
5 )
5 ;
7 85
7 86
1 goto
2 a
5 ;
7 87
7 88
7 89
2 a
5 :
7 90
1 echo
3 "Bar"
5 ;
7 91
7 92
7 93
4 >
7 94
